[gd_scene load_steps=4 format=3 uid="uid://b7d6dp7jrytp3"]

[ext_resource type="PackedScene" uid="uid://dn3mypfoixbpt" path="res://prefabs/environment/asteroids/single_asteroid/small/asteroid1.tscn" id="1_rfenr"]
[ext_resource type="PackedScene" uid="uid://c21ake882np85" path="res://prefabs/environment/asteroids/single_asteroid/small/asteroid2.tscn" id="2_e3gh6"]
[ext_resource type="PackedScene" uid="uid://uuv0d0vpd0wf" path="res://prefabs/environment/asteroids/single_asteroid/small/asteroid3.tscn" id="3_lks8i"]

[node name="AsteroidGroupCircle" type="Node3D"]

[node name="Asteroid" parent="." instance=ExtResource("1_rfenr")]
transform = Transform3D(1, 0, 0, 0, 1, 0, 0, 0, 1, 15.1179, 0, 0.783615)
start_speed_range = 0.5

[node name="Asteroid5" parent="." instance=ExtResource("1_rfenr")]
transform = Transform3D(1, 0, 0, 0, 1, 0, 0, 0, 1, 1.00531, 0, 11.6957)
start_speed_range = 0.5

[node name="Asteroid7" parent="." instance=ExtResource("2_e3gh6")]
transform = Transform3D(1, 0, 0, 0, 1, 0, 0, 0, 1, 25.9841, 0, -4.90379)
start_speed_range = 0.5

[node name="Asteroid8" parent="." instance=ExtResource("2_e3gh6")]
transform = Transform3D(0.799695, 0, 0.600406, 0, 1, 0, -0.600406, 0, 0.799695, -3.85858, 3.8147e-06, -13.4893)
start_speed_range = 0.5

[node name="Asteroid9" parent="." instance=ExtResource("2_e3gh6")]
transform = Transform3D(0.889121, 0, -0.457672, 0, 1, 0, 0.457672, 0, 0.889121, -17.1656, -1.90735e-06, -4.85571)
start_speed_range = 0.5

[node name="Asteroid12" parent="." instance=ExtResource("3_lks8i")]
transform = Transform3D(1, 0, 0, 0, 1, 0, 0, 0, 1, -0.131451, 0, -4.61821)
start_speed_range = 0.5

[node name="Asteroid13" parent="." instance=ExtResource("3_lks8i")]
transform = Transform3D(0.912442, 0, 0.409207, 0, 1, 0, -0.409207, 0, 0.912442, 16.8541, 0, -15.5644)
start_speed_range = 0.5

[node name="Asteroid14" parent="." instance=ExtResource("3_lks8i")]
transform = Transform3D(1, 0, 0, 0, 1, 0, 0, 0, 1, -10.6116, 1.90735e-06, 8.54272)
start_speed_range = 0.5
