[gd_scene load_steps=4 format=3 uid="uid://gwqp0k88sump"]

[ext_resource type="PackedScene" uid="uid://dn3mypfoixbpt" path="res://prefabs/environment/asteroids/single_asteroid/small/asteroid1.tscn" id="1_go3se"]
[ext_resource type="PackedScene" uid="uid://c21ake882np85" path="res://prefabs/environment/asteroids/single_asteroid/small/asteroid2.tscn" id="2_uw5h5"]
[ext_resource type="PackedScene" uid="uid://uuv0d0vpd0wf" path="res://prefabs/environment/asteroids/single_asteroid/small/asteroid3.tscn" id="3_42iyf"]

[node name="AsteroidGroupCircle" type="Node3D"]

[node name="Asteroid" parent="." instance=ExtResource("1_go3se")]
transform = Transform3D(1, 0, 0, 0, 1, 0, 0, 0, 1, 19.2397, 0, 5.51869)
start_speed_range = 0.5

[node name="Asteroid5" parent="." instance=ExtResource("1_go3se")]
transform = Transform3D(1, 0, 0, 0, 1, 0, 0, 0, 1, -3.40291, 0, 22.644)
start_speed_range = 0.5

[node name="Asteroid7" parent="." instance=ExtResource("2_uw5h5")]
transform = Transform3D(1, 0, 0, 0, 1, 0, 0, 0, 1, 25.9841, 0, -4.90379)
start_speed_range = 0.5

[node name="Asteroid8" parent="." instance=ExtResource("2_uw5h5")]
transform = Transform3D(0.799695, 0, 0.600406, 0, 1, 0, -0.600406, 0, 0.799695, -4.4441, 3.8147e-06, 0.776618)
start_speed_range = 0.5

[node name="Asteroid9" parent="." instance=ExtResource("2_uw5h5")]
transform = Transform3D(0.889121, 0, -0.457672, 0, 1, 0, 0.457672, 0, 0.889121, -24.284, -1.90735e-06, -25.3094)
start_speed_range = 0.5

[node name="Asteroid12" parent="." instance=ExtResource("3_42iyf")]
transform = Transform3D(1, 0, 0, 0, 1, 0, 0, 0, 1, 4.28472, 0, -10.6164)
start_speed_range = 0.5

[node name="Asteroid13" parent="." instance=ExtResource("3_42iyf")]
transform = Transform3D(0.912442, 0, 0.409207, 0, 1, 0, -0.409207, 0, 0.912442, 12.984, 0, -28.5522)
start_speed_range = 0.5

[node name="Asteroid14" parent="." instance=ExtResource("3_42iyf")]
transform = Transform3D(1, 0, 0, 0, 1, 0, 0, 0, 1, -27.6937, 1.90735e-06, 11.13)
start_speed_range = 0.5
