[gd_scene load_steps=10 format=3 uid="uid://b670jj7lnajsd"]

[ext_resource type="Shader" uid="uid://bhkhtqnawsg3c" path="res://art/materials/environment/SpaceTexture.gdshader" id="1_8c7b8"]
[ext_resource type="Texture2D" uid="uid://kqv7cdehidxy" path="res://art/textures/environment/SpaceTexture2.png" id="2_270j1"]
[ext_resource type="Script" uid="uid://cbp0bbnhepff0" path="res://code/evironment/space_environment.gd" id="3_2xw8w"]
[ext_resource type="PackedScene" uid="uid://qdf65v51l847" path="res://art/Models/asteroids/asteroid_3/asteroid_3.glb" id="4_sxofs"]
[ext_resource type="PackedScene" uid="uid://drt0rod4vx4jk" path="res://art/Models/asteroids/asteroid_2/asteroid_2.glb" id="5_4frsm"]
[ext_resource type="PackedScene" uid="uid://n2t3xcv14gm8" path="res://art/Models/asteroids/asteroid_1/asteroid_1.glb" id="6_p8n2o"]

[sub_resource type="ShaderMaterial" id="ShaderMaterial_phh7h"]
shader = ExtResource("1_8c7b8")
shader_parameter/sky_texture = ExtResource("2_270j1")

[sub_resource type="Sky" id="Sky_m58s1"]
sky_material = SubResource("ShaderMaterial_phh7h")

[sub_resource type="Environment" id="Environment_56b0j"]
background_mode = 2
sky = SubResource("Sky_m58s1")
sky_rotation = Vector3(1.5708, 0, 0)
ambient_light_source = 3
reflected_light_source = 2
glow_enabled = true
glow_normalized = true
glow_intensity = 0.5
glow_strength = 0.0
glow_bloom = 0.3
volumetric_fog_density = 0.059

[node name="SpaceEnvironment" type="WorldEnvironment"]
environment = SubResource("Environment_56b0j")
script = ExtResource("3_2xw8w")

[node name="NebulaLights" type="Marker3D" parent="."]

[node name="RedNebulaLight" type="DirectionalLight3D" parent="NebulaLights"]
transform = Transform3D(0.390731, 0.644043, 0.657676, 0, -0.714473, 0.699663, 0.920505, -0.27338, -0.279167, 0, 0, 0)
light_color = Color(0.80896, 0.586373, 0.738075, 1)
light_energy = 0.5
shadow_enabled = true

[node name="BlueNebulaLight" type="DirectionalLight3D" parent="NebulaLights"]
transform = Transform3D(0.716229, 1.06726e-08, -0.697865, -0.254986, 0.930858, -0.261696, 0.649614, 0.36538, 0.666708, 0, 0, 0)
light_color = Color(0.584561, 0.843877, 0.882863, 1)
light_energy = 0.5
shadow_enabled = true

[node name="WhiteNebulaLight" type="DirectionalLight3D" parent="NebulaLights"]
transform = Transform3D(-0.911403, 0.210713, 0.353474, 0, 0.85896, -0.512043, -0.411514, -0.466678, -0.782859, 0, 0, 0)
light_color = Color(0.854642, 0.845302, 0.842967, 1)
light_energy = 20.0
shadow_enabled = true

[node name="DirectionalLight3D" type="DirectionalLight3D" parent="NebulaLights"]
transform = Transform3D(0.978704, 0.0383074, -0.201673, 0.192606, -0.511209, 0.837597, -0.071011, -0.858602, -0.5077, 0, 0, 0)
light_color = Color(0.915499, 0.985235, 0.977985, 1)
light_energy = 1.6
shadow_enabled = true

[node name="asteroid_3" parent="." instance=ExtResource("4_sxofs")]
transform = Transform3D(1, 0, 0, 0, 1, 0, 0, 0, 1, -0.0870443, 0, -3.46728)

[node name="asteroid_2" parent="." instance=ExtResource("5_4frsm")]
transform = Transform3D(1, 0, 0, 0, 1, 0, 0, 0, 1, -1.90995, 0, -4.50071)

[node name="asteroid_1" parent="." instance=ExtResource("6_p8n2o")]
transform = Transform3D(1, 0, 0, 0, 1, 0, 0, 0, 1, -2.07182, 0, -2.79975)
