[gd_scene load_steps=4 format=3 uid="uid://buy7ourt75b2t"]

[ext_resource type="PackedScene" uid="uid://bnp5ctgr2bm66" path="res://scenes/levels/level_staples.tscn" id="1_xgqdr"]
[ext_resource type="PackedScene" uid="uid://b1m8dg3ed47u8" path="res://prefabs/npc/enemies/stationary_enemy.tscn" id="2_mu58n"]
[ext_resource type="PackedScene" uid="uid://cgx7bdd0f2rhg" path="res://prefabs/environment/shop_miniature.tscn" id="2_nbrbp"]

[node name="DummyLevel" type="Node3D"]

[node name="LevelBase" parent="." instance=ExtResource("1_xgqdr")]

[node name="ShopMiniature" parent="." instance=ExtResource("2_nbrbp")]
transform = Transform3D(1, 0, 0, 0, 1, 0, 0, 0, 1, 12, 0, 0)

[node name="StationaryEnemy" parent="." instance=ExtResource("2_mu58n")]
transform = Transform3D(0.337309, 0, 0.941394, 0, 1, 0, -0.941394, 0, 0.337309, 37.8064, -5.7378, -23.702)

[node name="StationaryEnemy2" parent="." instance=ExtResource("2_mu58n")]
transform = Transform3D(0.337309, 0, 0.941394, 0, 1, 0, -0.941394, 0, 0.337309, 23.145, 0, -21.859)

[node name="StationaryEnemy3" parent="." instance=ExtResource("2_mu58n")]
transform = Transform3D(0.337309, 0, 0.941394, 0, 1, 0, -0.941394, 0, 0.337309, -21.3203, 0, -29.7625)

[node name="StationaryEnemy4" parent="." instance=ExtResource("2_mu58n")]
transform = Transform3D(0.337309, 0, 0.941394, 0, 1, 0, -0.941394, 0, 0.337309, -9.9507, 0, -16.8744)

[node name="PortalPosition" type="Node3D" parent="." groups=["portal", "portalpos"]]
unique_name_in_owner = true
transform = Transform3D(1, 0, 0, 0, 1, 0, 0, 0, 1, 0, 0, -29.7591)

[node name="Marker3D" type="Marker3D" parent="PortalPosition"]
gizmo_extents = 10.0
