[gd_scene load_steps=2 format=3 uid="uid://clbtrvxx10t1h"]

[ext_resource type="PackedScene" uid="uid://1km01juhp32b" path="res://prefabs/bosses/vortex/vortex_spike_dummy.tscn" id="1_da3hp"]

[node name="VortexSpikeWarning" type="Node3D"]

[node name="VortexSpike" parent="." instance=ExtResource("1_da3hp")]
transform = Transform3D(1, 0, 0, 0, 1, 0, 0, 0, 1, 0, 0, -1)

[node name="VortexSpike2" parent="." instance=ExtResource("1_da3hp")]
transform = Transform3D(-1, -3.82137e-15, -8.74228e-08, 3.82137e-15, 1, -8.74228e-08, 8.74228e-08, -8.74228e-08, -1, 0, 0, 1)

[node name="VortexSpike3" parent="." instance=ExtResource("1_da3hp")]
transform = Transform3D(-4.37114e-08, 0, -1, 0, 1, 0, 1, 0, -4.37114e-08, 1, 0, 4.37114e-08)

[node name="VortexSpike4" parent="." instance=ExtResource("1_da3hp")]
transform = Transform3D(-4.37114e-08, 8.74228e-08, 1, 3.82137e-15, 1, -8.74228e-08, -1, 0, -4.37114e-08, -1, 0, -4.37114e-08)

[node name="VortexSpike5" parent="." instance=ExtResource("1_da3hp")]
transform = Transform3D(0.707107, 3.09086e-08, -0.707107, -1.28028e-08, 1, 3.09086e-08, 0.707107, -1.28028e-08, 0.707107, 0.707107, -3.09086e-08, -0.707107)

[node name="VortexSpike6" parent="." instance=ExtResource("1_da3hp")]
transform = Transform3D(-0.707107, 9.27259e-08, 0.707107, 1.28028e-08, 1, -1.18331e-07, -0.707107, -7.462e-08, -0.707107, -0.707107, 3.09086e-08, 0.707107)

[node name="VortexSpike7" parent="." instance=ExtResource("1_da3hp")]
transform = Transform3D(-0.707107, 1.28028e-08, -0.707107, -1.28028e-08, 1, 3.09086e-08, 0.707107, 3.09086e-08, -0.707107, 0.707107, -3.09086e-08, 0.707107)

[node name="VortexSpike8" parent="." instance=ExtResource("1_da3hp")]
transform = Transform3D(0.707107, 7.462e-08, 0.707107, 1.28028e-08, 1, -1.18331e-07, -0.707107, 9.27259e-08, 0.707107, -0.707107, 3.09086e-08, -0.707107)
