[gd_scene load_steps=7 format=3 uid="uid://djbsm7h83wtff"]

[ext_resource type="PackedScene" uid="uid://pwsixhrj0x1o" path="res://scenes/levels/finalest/base/base_mission.tscn" id="1_5luvw"]
[ext_resource type="Script" uid="uid://bq0dwhdq76qw" path="res://code/missions/a/mission_escape.gd" id="2_h5eom"]
[ext_resource type="PackedScene" uid="uid://cdq5hecjw2uki" path="res://prefabs/environment/asteroids/asteroid_big_groups/asteroid_big_group.tscn" id="2_vkhy5"]
[ext_resource type="PackedScene" uid="uid://cc818ge6m4to5" path="res://prefabs/environment/asteroids/asteroid_big_groups/asteroid_big_cramped_group.tscn" id="3_tpgfg"]
[ext_resource type="Script" uid="uid://inuu5gi20l6r" path="res://prefabs/environment/mission_related/portal_position.gd" id="3_uigkf"]
[ext_resource type="PackedScene" uid="uid://dk1g8kstnrxxk" path="res://prefabs/environment/space_vortex/space_vortex.tscn" id="6_8kwhc"]

[node name="EscapeMisssionBase" instance=ExtResource("1_5luvw")]

[node name="ShopMiniature" parent="." index="1"]
transform = Transform3D(1, 0, 0, 0, 1, 0, 0, 0, 1, -98.6462, 0, -37.1571)

[node name="AsteroidBigGroup" parent="Asteroids/Group1" index="0" instance=ExtResource("2_vkhy5")]
transform = Transform3D(1, 0, 0, 0, 1, 0, 0, 0, 1, 50.2943, 0, 29.621)

[node name="AsteroidBigGroup3" parent="Asteroids/Group1" index="1" instance=ExtResource("2_vkhy5")]
transform = Transform3D(1, 0, 0, 0, 1, 0, 0, 0, 1, -49.1767, 0, 39.366)

[node name="AsteroidBigGroup4" parent="Asteroids/Group1" index="2" instance=ExtResource("2_vkhy5")]
transform = Transform3D(0.22228, 0, -0.974983, 0, 1, 0, 0.974983, 0, 0.22228, -142.411, 0, 33.0915)

[node name="AsteroidBigGroup5" parent="Asteroids/Group1" index="3" instance=ExtResource("2_vkhy5")]
transform = Transform3D(-0.603598, 0, -0.797289, 0, 1, 0, 0.797289, 0, -0.603598, -147.196, 0, -73.1551)

[node name="AsteroidBigGroup6" parent="Asteroids/Group1" index="4" instance=ExtResource("2_vkhy5")]
transform = Transform3D(-0.994198, 0, 0.107566, 0, 1, 0, -0.107566, 0, -0.994198, -33.5778, 0, -40.6315)

[node name="AsteroidBigGroup7" parent="Asteroids/Group1" index="5" instance=ExtResource("2_vkhy5")]
transform = Transform3D(-0.975993, 0, 0.217803, 0, 1, 0, -0.217803, 0, -0.975993, 106.484, 0, -39.2558)

[node name="AsteroidBigGroup2" parent="Asteroids/Group1" index="6" instance=ExtResource("3_tpgfg")]
transform = Transform3D(0.945274, 0, -0.326278, 0, 1, 0, 0.326278, 0, 0.945274, -66.2659, -3.8147e-06, -95.7304)

[node name="AsteroidBigGroup8" parent="Asteroids/Group1" index="7" instance=ExtResource("3_tpgfg")]
transform = Transform3D(0.995277, 0, -0.0970791, 0, 1, 0, 0.0970791, 0, 0.995277, 35.7354, -3.8147e-06, -36.035)

[node name="MissionEscape" type="Node" parent="." index="4"]
script = ExtResource("2_h5eom")
metadata/_custom_type_script = "uid://bq0dwhdq76qw"

[node name="PortalPosition" type="Node3D" parent="." index="5"]
transform = Transform3D(1, 0, 0, 0, 1, 0, 0, 0, 1, 49.1333, 0, -82.3681)
script = ExtResource("3_uigkf")

[node name="Marker3D" type="Marker3D" parent="PortalPosition" index="0"]
transform = Transform3D(0.671009, 0, -0.741449, 0, 1, 0, 0.741449, 0, 0.671009, 0, 0, 0)
gizmo_extents = 23.8

[node name="SpaceVortex" parent="PortalPosition" index="1" instance=ExtResource("6_8kwhc")]
transform = Transform3D(1, 0, 0, 0, 1, 0, 0, 0, 1, -33.1889, 0, 0)
visible = false
