[gd_scene load_steps=8 format=3 uid="uid://1m403ket1u35"]

[ext_resource type="PackedScene" uid="uid://pwsixhrj0x1o" path="res://scenes/levels/finalest/base/base_mission.tscn" id="1_woclj"]
[ext_resource type="Script" path="res://prefabs/environment/mission_related/portal_position.gd" id="2_y00in"]
[ext_resource type="PackedScene" uid="uid://cdq5hecjw2uki" path="res://prefabs/environment/asteroids/asteroid_big_groups/asteroid_big_group.tscn" id="3_6kv8q"]
[ext_resource type="PackedScene" path="res://prefabs/environment/asteroids/asteroid_big_groups/asteroid_big_cramped_group.tscn" id="4_ywtum"]
[ext_resource type="PackedScene" uid="uid://dusrity80tka3" path="res://prefabs/npc/enemies/rocket_ship.tscn" id="5_bwnpf"]
[ext_resource type="PackedScene" uid="uid://ceu6i6ji4q3oq" path="res://prefabs/npc/enemies/turret_gun.tscn" id="6_wtu0u"]
[ext_resource type="Script" uid="uid://cne5mpb7d4xce" path="res://code/missions/a/mission_fuel.gd" id="7_woclj"]

[node name="EscapeMisssionBase" instance=ExtResource("1_woclj")]

[node name="PortalPosition" type="Node3D" parent="." index="0"]
transform = Transform3D(1, 0, 0, 0, 1, 0, 0, 0, 1, 49.1333, 0, -82.3681)
script = ExtResource("2_y00in")

[node name="Marker3D" type="Marker3D" parent="PortalPosition" index="0"]
transform = Transform3D(0.671009, 0, -0.741449, 0, 1, 0, 0.741449, 0, 0.671009, 0, 0, 0)
gizmo_extents = 23.8

[node name="ShopMiniature" parent="." index="2"]
transform = Transform3D(1, 0, 0, 0, 1, 0, 0, 0, 1, -98.6462, 0, -37.1571)

[node name="AsteroidBigGroup" parent="Asteroids/Group1" index="0" instance=ExtResource("3_6kv8q")]
transform = Transform3D(1, 0, 0, 0, 1, 0, 0, 0, 1, 50.2943, 0, 29.621)

[node name="AsteroidBigGroup3" parent="Asteroids/Group1" index="1" instance=ExtResource("3_6kv8q")]
transform = Transform3D(1, 0, 0, 0, 1, 0, 0, 0, 1, -49.1767, 0, 39.366)

[node name="AsteroidBigGroup4" parent="Asteroids/Group1" index="2" instance=ExtResource("3_6kv8q")]
transform = Transform3D(0.22228, 0, -0.974983, 0, 1, 0, 0.974983, 0, 0.22228, -142.411, 0, 33.0915)

[node name="AsteroidBigGroup5" parent="Asteroids/Group1" index="3" instance=ExtResource("3_6kv8q")]
transform = Transform3D(-0.603598, 0, -0.797289, 0, 1, 0, 0.797289, 0, -0.603598, -147.196, 0, -73.1551)

[node name="AsteroidBigGroup9" parent="Asteroids/Group1" index="4" instance=ExtResource("3_6kv8q")]
transform = Transform3D(-0.603598, 0, -0.797289, 0, 1, 0, 0.797289, 0, -0.603598, -95.7957, 0, -153.631)

[node name="AsteroidBigGroup6" parent="Asteroids/Group1" index="5" instance=ExtResource("3_6kv8q")]
transform = Transform3D(-0.994198, 0, 0.107566, 0, 1, 0, -0.107566, 0, -0.994198, -33.5778, 0, -40.6315)

[node name="AsteroidBigGroup7" parent="Asteroids/Group1" index="6" instance=ExtResource("3_6kv8q")]
transform = Transform3D(-0.975993, 0, 0.217803, 0, 1, 0, -0.217803, 0, -0.975993, 106.484, 0, -39.2558)

[node name="AsteroidBigGroup2" parent="Asteroids/Group1" index="7" instance=ExtResource("4_ywtum")]
transform = Transform3D(0.945274, 0, -0.326278, 0, 1, 0, 0.326278, 0, 0.945274, -66.2659, -3.8147e-06, -95.7304)

[node name="AsteroidBigGroup8" parent="Asteroids/Group1" index="8" instance=ExtResource("4_ywtum")]
transform = Transform3D(0.995277, 0, -0.0970791, 0, 1, 0, 0.0970791, 0, 0.995277, 35.7354, -3.8147e-06, -36.035)

[node name="AsteroidBigGroup7" parent="Asteroids/Group2" index="0" instance=ExtResource("3_6kv8q")]
transform = Transform3D(-0.999991, 0, 0.00417133, 0, 1, 0, -0.00417133, 0, -0.999991, 3.40576, 0, -100.257)

[node name="AsteroidBigGroup8" parent="Asteroids/Group2" index="1" instance=ExtResource("3_6kv8q")]
transform = Transform3D(-0.999991, 0, 0.00417133, 0, 1, 0, -0.00417133, 0, -0.999991, 91.0948, 0, -100.257)

[node name="AsteroidBigGroup9" parent="Asteroids/Group2" index="2" instance=ExtResource("3_6kv8q")]
transform = Transform3D(-0.22881, 0, 0.973471, 0, 1, 0, -0.973471, 0, -0.22881, 186.973, 0, -85.0521)

[node name="Rocket Ship" parent="Enemies" index="0" instance=ExtResource("5_bwnpf")]
transform = Transform3D(0.570183, 0, -0.821518, 0, 1, 0, 0.821518, 0, 0.570183, -92.3566, 0, -1.59572)

[node name="Rocket Ship2" parent="Enemies" index="1" instance=ExtResource("5_bwnpf")]
transform = Transform3D(0.501934, 0, -0.864906, 0, 1, 0, 0.864906, 0, 0.501934, -91.2799, 0, 7.97626)

[node name="Rocket Ship3" parent="Enemies" index="2" instance=ExtResource("5_bwnpf")]
transform = Transform3D(1, 0, 0, 0, 1, 0, 0, 0, 1, 10.2532, -7.62939e-06, -40.4529)

[node name="Rocket Ship4" parent="Enemies" index="3" instance=ExtResource("5_bwnpf")]
transform = Transform3D(1, 0, 0, 0, 1, 0, 0, 0, 1, 21.1391, -7.62939e-06, -96.0787)

[node name="Turret Gun" parent="Enemies" index="4" instance=ExtResource("6_wtu0u")]
transform = Transform3D(1, 0, 0, 0, 1, 0, 0, 0, 1, 40.8974, 0, -88.3232)

[node name="Turret Gun2" parent="Enemies" index="5" instance=ExtResource("6_wtu0u")]
transform = Transform3D(1, 0, 0, 0, 1, 0, 0, 0, 1, 40.8974, 0, -74.4401)

[node name="Turret Gun3" parent="Enemies" index="6" instance=ExtResource("6_wtu0u")]
transform = Transform3D(1, 0, 0, 0, 1, 0, 0, 0, 1, 22.5375, 0, -74.5501)

[node name="Turret Gun4" parent="Enemies" index="7" instance=ExtResource("6_wtu0u")]
transform = Transform3D(1, 0, 0, 0, 1, 0, 0, 0, 1, 31.523, 0, -101.312)

[node name="MissionEscape" type="Node" parent="." index="5"]
script = ExtResource("7_woclj")
metadata/_custom_type_script = "uid://cne5mpb7d4xce"
