[gd_scene load_steps=10 format=3 uid="uid://bko3jm751dtjg"]

[ext_resource type="PackedScene" uid="uid://pwsixhrj0x1o" path="res://scenes/levels/finalest/base/base_mission.tscn" id="1_aeqbh"]
[ext_resource type="PackedScene" path="res://prefabs/environment/asteroids/asteroid_big_groups/asteroid_big_cramped_group.tscn" id="2_52ndu"]
[ext_resource type="PackedScene" uid="uid://chtuqjjikj2f" path="res://prefabs/npc/enemies/bomber.tscn" id="5_cc0ju"]
[ext_resource type="PackedScene" uid="uid://c1bx3ko83hdsi" path="res://prefabs/npc/enemies/fighter.tscn" id="6_s7pqe"]
[ext_resource type="PackedScene" uid="uid://dxbwuxdfu600q" path="res://prefabs/npc/enemies/turret_laser.tscn" id="7_hmbvn"]
[ext_resource type="PackedScene" uid="uid://b1m8dg3ed47u8" path="res://prefabs/npc/enemies/turret_sniper.tscn" id="8_4ujij"]
[ext_resource type="PackedScene" uid="uid://do0sasbjik8fp" path="res://prefabs/npc/enemies/corrupted.tscn" id="9_52ndu"]
[ext_resource type="Script" path="res://prefabs/environment/mission_related/portal_position.gd" id="10_ggd34"]
[ext_resource type="Script" uid="uid://4w17qx65voq6" path="res://code/missions/a/mission_defend.gd" id="10_y5ahc"]

[node name="EscapeMisssionBase" instance=ExtResource("1_aeqbh")]

[node name="LevelStaples" parent="." index="0"]
transform = Transform3D(1, 0, 0, 0, 1, 0, 0, 0, 1, 141.007, 0, -218.774)

[node name="ShopMiniature" parent="." index="1"]
transform = Transform3D(1, 0, 0, 0, 1, 0, 0, 0, 1, -88.3587, 0, -65.1128)

[node name="Asteroids" parent="." index="2"]
transform = Transform3D(1, 0, 0, 0, 1, 0, 0, 0, 1, 0, 0, -13.7775)

[node name="AsteroidBigGroup" parent="Asteroids/Group1" index="0" instance=ExtResource("2_52ndu")]
transform = Transform3D(0.945206, 0, 0.326476, 0, 1, 0, -0.326476, 0, 0.945206, -41.3241, -7.62939e-06, -1.42161)

[node name="AsteroidBigGroup2" parent="Asteroids/Group1" index="1" instance=ExtResource("2_52ndu")]
transform = Transform3D(0.0475771, 0, 0.998868, 0, 1, 0, -0.998868, 0, 0.0475771, -87.4547, 0, -8.19182)

[node name="AsteroidBigGroup3" parent="Asteroids/Group1" index="2" instance=ExtResource("2_52ndu")]
transform = Transform3D(0.171878, 0, -0.985118, 0, 1, 0, 0.985118, 0, 0.171878, -147.387, 0, -11.0273)

[node name="AsteroidBigGroup4" parent="Asteroids/Group1" index="3" instance=ExtResource("2_52ndu")]
transform = Transform3D(-0.997426, 0, 0.0717063, 0, 1, 0, -0.0717063, 0, -0.997426, -52.7547, 0, 112.811)

[node name="AsteroidBigGroup5" parent="Asteroids/Group1" index="4" instance=ExtResource("2_52ndu")]
transform = Transform3D(0.999994, 0, -0.00349075, 0, 1, 0, 0.00349075, 0, 0.999994, -46.4903, 0, 56.1627)

[node name="Group1" type="Node3D" parent="Asteroids/Group1" index="5"]
transform = Transform3D(-0.995094, 0, -0.0989377, 0, 1, 0, 0.0989377, 0, -0.995094, 23.4848, 0, -113.359)

[node name="AsteroidBigGroup" parent="Asteroids/Group1/Group1" index="0" instance=ExtResource("2_52ndu")]
transform = Transform3D(1, 0, 0, 0, 1, 0, 0, 0, 1, -30.884, -7.62939e-06, -11.212)

[node name="AsteroidBigGroup2" parent="Asteroids/Group1/Group1" index="1" instance=ExtResource("2_52ndu")]
transform = Transform3D(0.0475771, 0, 0.998868, 0, 1, 0, -0.998868, 0, 0.0475771, -76.5168, 0, -18.4655)

[node name="AsteroidBigGroup3" parent="Asteroids/Group1/Group1" index="2" instance=ExtResource("2_52ndu")]
transform = Transform3D(0.171878, 0, -0.985118, 0, 1, 0, 0.985118, 0, 0.171878, -136.449, 0, -21.301)

[node name="AsteroidBigGroup4" parent="Asteroids/Group1/Group1" index="3" instance=ExtResource("2_52ndu")]
transform = Transform3D(-0.997426, 0, 0.0717063, 0, 1, 0, -0.0717063, 0, -0.997426, -41.8168, 0, 102.537)

[node name="AsteroidBigGroup5" parent="Asteroids/Group1/Group1" index="4" instance=ExtResource("2_52ndu")]
transform = Transform3D(0.999994, 0, -0.00349075, 0, 1, 0, 0.00349075, 0, 0.999994, -35.5524, 0, 45.889)

[node name="Group2" type="Node3D" parent="Asteroids/Group1" index="6"]
transform = Transform3D(0.0879033, 0, -0.996129, 0, 1, 0, 0.996129, 0, 0.0879033, -39.6314, 0, -68.4052)

[node name="AsteroidBigGroup" parent="Asteroids/Group1/Group2" index="0" instance=ExtResource("2_52ndu")]
transform = Transform3D(1, 0, 0, 0, 1, 0, 0, 0, 1, -30.884, -7.62939e-06, -11.212)

[node name="AsteroidBigGroup2" parent="Asteroids/Group1/Group2" index="1" instance=ExtResource("2_52ndu")]
transform = Transform3D(0.0475771, 0, 0.998868, 0, 1, 0, -0.998868, 0, 0.0475771, -76.5168, 0, -18.4655)

[node name="AsteroidBigGroup3" parent="Asteroids/Group1/Group2" index="2" instance=ExtResource("2_52ndu")]
transform = Transform3D(0.171878, 0, -0.985118, 0, 1, 0, 0.985118, 0, 0.171878, -136.449, 0, -21.301)

[node name="AsteroidBigGroup4" parent="Asteroids/Group1/Group2" index="3" instance=ExtResource("2_52ndu")]
transform = Transform3D(-0.997426, 0, 0.0717063, 0, 1, 0, -0.0717063, 0, -0.997426, -41.8168, 0, 102.537)

[node name="AsteroidBigGroup5" parent="Asteroids/Group1/Group2" index="4" instance=ExtResource("2_52ndu")]
transform = Transform3D(0.999994, 0, -0.00349075, 0, 1, 0, 0.00349075, 0, 0.999994, -35.5524, 0, 45.889)

[node name="Group3" type="Node3D" parent="Asteroids/Group1" index="7"]
transform = Transform3D(0.00626578, 0, 0.99998, 0, 1, 0, -0.99998, 0, 0.00626578, 55.1079, 0, -51.5163)

[node name="AsteroidBigGroup" parent="Asteroids/Group1/Group3" index="0" instance=ExtResource("2_52ndu")]
transform = Transform3D(1, 0, 0, 0, 1, 0, 0, 0, 1, -30.884, -7.62939e-06, -11.212)

[node name="AsteroidBigGroup2" parent="Asteroids/Group1/Group3" index="1" instance=ExtResource("2_52ndu")]
transform = Transform3D(0.0475771, 0, 0.998868, 0, 1, 0, -0.998868, 0, 0.0475771, -76.5168, 0, -18.4655)

[node name="AsteroidBigGroup3" parent="Asteroids/Group1/Group3" index="2" instance=ExtResource("2_52ndu")]
transform = Transform3D(0.171878, 0, -0.985118, 0, 1, 0, 0.985118, 0, 0.171878, -136.449, 0, -21.301)

[node name="AsteroidBigGroup4" parent="Asteroids/Group1/Group3" index="3" instance=ExtResource("2_52ndu")]
transform = Transform3D(-0.997426, 0, 0.0717063, 0, 1, 0, -0.0717063, 0, -0.997426, -41.8168, 0, 102.537)

[node name="AsteroidBigGroup5" parent="Asteroids/Group1/Group3" index="4" instance=ExtResource("2_52ndu")]
transform = Transform3D(0.999994, 0, -0.00349075, 0, 1, 0, 0.00349075, 0, 0.999994, -35.5524, 0, 45.889)

[node name="Group3" parent="Asteroids" index="2"]
transform = Transform3D(1, 0, 0, 0, 1, 0, 0, 0, 1, 0, 0, 53.8823)

[node name="Group4" type="Node3D" parent="Asteroids" index="3"]

[node name="Group5" type="Node3D" parent="Asteroids" index="4"]

[node name="Group6" type="Node3D" parent="Asteroids" index="5"]

[node name="Turret Laser2" parent="Enemies/ShopEnemies" index="0" instance=ExtResource("7_hmbvn")]
transform = Transform3D(0.651834, 0, -0.758362, 0, 1, 0, 0.758362, 0, 0.651834, -64.2627, 0, -42.2676)

[node name="Turret Laser" parent="Enemies/ShopEnemies" index="1" instance=ExtResource("7_hmbvn")]
transform = Transform3D(-0.664749, 0, -0.747068, 0, 1, 0, 0.747068, 0, -0.664749, -59.4611, 0, -87.8539)

[node name="ObjectiveEnemies" parent="Enemies" index="1"]
transform = Transform3D(-0.999562, 0, -0.0295791, 0, 1, 0, 0.0295791, 0, -0.999562, 16.4405, 0, -110.315)

[node name="Bomber" parent="Enemies/ObjectiveEnemies" index="0" instance=ExtResource("5_cc0ju")]
transform = Transform3D(1, 0, 0, 0, 1, 0, 0, 0, 1, -4.22295, 0, 6.00055)

[node name="Fighter" parent="Enemies/ObjectiveEnemies" index="1" instance=ExtResource("6_s7pqe")]
transform = Transform3D(1, 0, 0, 0, 1, 0, 0, 0, 1, 1.73495, 0, 2.17787)

[node name="Node3D" type="Node3D" parent="Enemies" index="2"]
transform = Transform3D(0.10911, 0, 0.99403, 0, 1, 0, -0.99403, 0, 0.10911, 46.2503, 0, -73.2015)

[node name="Turret Sniper2" parent="Enemies/Node3D" index="0" instance=ExtResource("8_4ujij")]
transform = Transform3D(0.854286, 0, 0.519802, 0, 1, 0, -0.519802, 0, 0.854286, -15.818, 0, -27.4888)

[node name="Turret Sniper4" parent="Enemies/Node3D" index="1" instance=ExtResource("8_4ujij")]
transform = Transform3D(0.724966, 0, 0.688785, 0, 1, 0, -0.688785, 0, 0.724966, 10.9973, 0, -14.9018)

[node name="Corrupted2" parent="Enemies/Node3D" index="2" instance=ExtResource("9_52ndu")]
transform = Transform3D(1, 0, -2.98023e-08, 0, 1, 0, 2.98023e-08, 0, 1, 4.83526, 0, 9.32026)

[node name="Fighter" parent="Enemies/Node3D" index="3" instance=ExtResource("6_s7pqe")]
transform = Transform3D(1, 0, -7.45058e-09, 0, 1, 0, 7.45058e-09, 0, 1, -3.43427, 0, 4.69275)

[node name="MissionEscape" type="Node" parent="." index="4" node_paths=PackedStringArray("small_defendable_position")]
script = ExtResource("10_y5ahc")
small_defendable_position = [NodePath("../PortalPosition"), NodePath("../PortalPosition2")]
metadata/_custom_type_script = "uid://4w17qx65voq6"

[node name="PortalPosition" type="Node3D" parent="." index="5"]
transform = Transform3D(1, 0, 0, 0, 1, 0, 0, 0, 1, 17.6127, -0.137329, -120.692)
script = ExtResource("10_ggd34")

[node name="Marker3D" type="Marker3D" parent="PortalPosition" index="0"]
transform = Transform3D(0.671009, 0, -0.741449, 0, 1, 0, 0.741449, 0, 0.671009, 0, 0, 0)
gizmo_extents = 23.8

[node name="PortalPosition2" type="Node3D" parent="." index="6"]
transform = Transform3D(1, 0, 0, 0, 1, 0, 0, 0, 1, 40.8072, -0.137325, -71.0818)
script = ExtResource("10_ggd34")

[node name="Marker3D" type="Marker3D" parent="PortalPosition2" index="0"]
transform = Transform3D(0.671009, 0, -0.741449, 0, 1, 0, 0.741449, 0, 0.671009, 0, 0, 0)
gizmo_extents = 23.8
